1515557109.13 1515557017.96 0.003528440 0.037117000 -0.082172600 0.171174324 0.093245778 0.654937192
1515557110.02 1515557018.85 0.001523680 0.051024100 -0.107882000 0.142488450 0.077721962 0.644812002
1515557110.54 1515557019.37 0.001021660 0.065608500 -0.126143000 0.108973331 0.059324739 0.630314481
1515557111.13 1515557019.96 -0.000694476 0.076553700 -0.142802000 0.103106367 0.056099471 0.627240591
1515557112.13 1515557020.89 -0.002348130 0.095962400 -0.163643000 0.103115560 0.056104486 0.627211500
1515557114.01 1515557022.81 -0.007445960 0.122535000 -0.193134000 0.074832615 0.040724264 0.611522767
1515557118.31 1515557027.15 0.001939850 0.034244200 -0.074477800 0.244077535 0.133161616 0.670874518
1515557118.94 1515557027.81 0.001172250 0.020503900 -0.044692200 0.285171018 0.155521003 0.674164048
1515557119.86 1515557028.60 0.000285443 0.003098220 -0.005402030 0.307244917 0.167456935 0.674429591
1515557121.16 1515557030.51 -0.002932760 -0.012331600 0.043593300 0.387099558 0.210953944 0.665440817
1515557122.16 1515557031.32 -0.007847570 -0.021403800 0.081401700 0.387105840 0.210996088 0.665445975
1515557124.52 1515557034.25 -0.010183100 -0.025467400 0.102881000 0.562564751 0.306805666 0.586075704
1515557125.75 1515557034.72 -0.032348800 -0.023793800 0.242771000 0.565699656 0.308617470 0.583844942
1515557126.33 1515557035.14 -0.042939200 -0.020603200 0.275563000 0.556368321 0.303561085 0.590733205
1515557128.94 1515557037.60 -0.024414500 -0.030176700 0.187743000 0.459553846 0.250723639 0.643639179
1515557132.13 1515557040.86 -0.005226380 -0.017209200 0.057505800 0.339581523 0.185242620 0.672721897
1515557135.55 1515557044.33 -0.025082100 -0.016988100 0.050012900 0.307944710 0.258359608 0.616939359
1515557136.06 1515557044.78 -0.074268300 -0.001899910 0.060816100 0.307924277 0.258611084 0.616630751
1515557141.90 1515557050.75 -0.066972000 0.019391700 0.067073200 0.334623985 0.222807232 0.616696247
1515557143.03 1515557051.75 -0.041135000 0.027552200 0.074750400 0.352652161 0.192974780 0.616707162
1515557143.79 1515557052.59 -0.022196200 0.023786800 0.081398900 0.369912387 0.157334600 0.616718076
1515557144.43 1515557053.17 0.005211400 0.036735700 0.084215000 0.374618707 0.145836238 0.616676771
1515557145.69 1515557054.50 0.039919300 0.048597800 0.087070700 0.390253692 0.096066007 0.616742250
1515557147.17 1515557055.96 0.070336500 0.060493200 0.087265900 0.399693296 0.041611463 0.616774983
1515557147.90 1515557056.60 0.096993500 0.074465600 0.084288100 0.400638804 0.031436484 0.616764072
1515557148.74 1515557057.40 0.064891400 0.064710700 0.105586000 0.401863194 0.001049252 0.616794462
1515557149.19 1515557057.97 0.111374000 0.084550000 0.094766100 0.401045373 -0.025995605 0.616753161
1515557150.59 1515557059.32 0.147463000 0.102812000 0.077021600 0.394646104 -0.075944817 0.616753161
1515557151.48 1515557060.21 0.166972000 0.112626000 0.074930600 0.389847875 -0.097538517 0.616794462
1515557153.44 1515557062.07 0.200264000 0.125051000 0.064757500 0.370531051 -0.155584201 0.616764072
1515557153.88 1515557062.65 0.217438000 0.136081000 0.048751000 0.358828180 -0.180984805 0.616753161
1515557155.62 1515557064.27 0.243964000 0.146491000 0.036818900 0.332306191 -0.226140657 0.616709512
1515557156.13 1515557064.89 0.260139000 0.158843000 0.024130600 0.322997205 -0.239286101 0.616668208
1515557157.43 1515557066.22 0.278899000 0.173923000 -0.000918284 0.289384877 -0.278968447 0.616709512
1515557158.63 1515557067.65 0.291891000 0.190700000 -0.019893600 0.253902974 -0.311609181 0.616709512
1515557159.68 1515557068.42 0.300715000 0.199666000 -0.043259800 0.243211384 -0.320009899 0.616690034
1515557160.68 1515557069.67 0.307119000 0.212370000 -0.058101500 0.208945090 -0.343385384 0.616679121
1515557161.91 1515557070.90 0.312610000 0.223302000 -0.079099200 0.196925043 -0.350436242 0.616668208
1515557163.57 1515557072.27 0.310005000 0.212478000 -0.058073800 0.241029642 -0.321670193 0.616709512
1515557164.51 1515557073.23 0.303953000 0.202501000 -0.038736200 0.259664197 -0.306810393 0.616690034
1515557167.55 1515557076.27 0.287065000 0.184572000 -0.007855430 0.307439077 -0.258754710 0.616785893
1515557168.59 1515557077.42 0.275643000 0.175049000 0.005824790 0.331595586 -0.226944258 0.616796803
1515557169.39 1515557078.07 0.261139000 0.160802000 0.017744000 0.351064518 -0.195527658 0.616755503
1515557170.36 1515557079.16 0.224284000 0.126389000 0.044764800 0.368057744 -0.161278822 0.616755503
1515557171.09 1515557079.74 0.220084000 0.149187000 0.033612500 0.370352470 -0.155879366 0.616796803
1515557172.77 1515557081.61 0.197341000 0.124095000 0.059534700 0.393608478 -0.080818900 0.616796803
1515557173.49 1515557082.35 0.177170000 0.118078000 0.062351200 0.396032502 -0.068085376 0.616755503
1515557175.57 1515557084.25 0.153531000 0.102517000 0.066662000 0.401870054 -0.000403819 0.616764072
1515557176.75 1515557085.42 0.135579000 0.089570300 0.063802000 0.399920986 0.039761046 0.616722771
1515557179.01 1515557087.73 0.068357600 0.062479900 0.083947900 0.384084254 0.118309008 0.616722771
1515557180.19 1515557089.02 0.038114300 0.048244400 0.086847300 0.369199579 0.158745893 0.616783551
1515557181.23 1515557090.21 0.009948180 0.034989600 0.086935600 0.351916578 0.194082159 0.616753161
1515557182.44 1515557091.16 -0.022109300 0.019946900 0.082762600 0.331941540 0.226566877 0.616722771
1515557183.14 1515557092.16 -0.054540300 0.014632600 0.071971400 0.307648865 0.258566148 0.616733682
1515557184.25 1515557093.03 -0.085033600 0.005792090 0.060726100 0.288036237 0.279888486 0.616897295
1515557185.12 1515557093.98 -0.106821000 -0.005471110 0.050483800 0.271911107 0.295806253 0.616788231
1515557186.63 1515557095.50 -0.043786500 0.046797700 0.046755000 0.234824815 0.326028059 0.616788231
1515557192.50 1515557101.30 -0.101191000 0.010266200 0.049431700 0.288504775 0.279637995 0.616818621
1515557194.65 1515557103.36 -0.068112400 0.020554400 0.064664400 0.331170053 0.227693064 0.616722771
1515557199.63 1515557108.43 -0.098391800 0.031807200 0.079089000 0.312274560 0.262629072 0.544643752
1515557200.48 1515557109.28 -0.112932000 0.059325300 0.095456700 0.311002502 0.261554436 0.514697498
1515557202.24 1515557110.92 -0.123846000 0.089493500 0.110297000 0.305926293 0.257304404 0.472634280
1515557203.88 1515557112.59 -0.141212000 0.139734000 0.123985000 0.293308735 0.246801855 0.418414318
1515557205.06 1515557113.78 -0.152790000 0.172974000 0.131093000 0.288659111 0.242911947 0.403753065
1515557210.35 1515557119.09 -0.129266000 0.177472000 0.146031000 0.332547539 0.180767535 0.406665279
1515557211.50 1515557120.16 -0.097825600 0.178962000 0.154939000 0.348276252 0.148214475 0.406626600
1515557212.93 1515557121.71 -0.064233000 0.185034000 0.161977000 0.365852022 0.097299613 0.406603615
1515557214.36 1515557123.03 -0.038199500 0.192469000 0.162243000 0.375603555 0.047207286 0.406613893
1515557215.61 1515557124.43 0.015329700 0.216519000 0.161060000 0.378556090 0.001358296 0.406613893
1515557216.29 1515557124.99 0.041315800 0.225897000 0.157406000 0.378557452 0.000902033 0.406613893
1515557217.75 1515557126.62 0.067599100 0.245805000 0.147324000 0.376487275 -0.037584055 0.406760175
1515557220.15 1515557128.94 0.098419700 0.262488000 0.134792000 0.368470770 -0.085984477 0.406789107
1515557221.55 1515557130.22 0.124361000 0.278183000 0.118418000 0.354508328 -0.132303954 0.406808645
1515557222.72 1515557131.62 0.148513000 0.288377000 0.103441000 0.333673675 -0.178311205 0.406827247
1515557223.83 1515557132.63 0.172581000 0.302298000 0.080071200 0.317029184 -0.206534485 0.406828916
1515557225.11 1515557133.99 0.190018000 0.316048000 0.058670900 0.290135989 -0.242808643 0.406824885
1515557225.94 1515557134.58 0.204391000 0.326302000 0.036777900 0.286141364 -0.247548197 0.406837528
1515557227.17 1515557135.90 0.218593000 0.337871000 0.008787420 0.251617476 -0.282540161 0.406858043
1515557228.40 1515557137.06 0.229080000 0.352202000 -0.015788500 0.223475670 -0.305271843 0.406867904
1515557229.30 1515557137.92 0.234005000 0.356192000 -0.037192200 0.203791294 -0.318745717 0.406831283
1515557230.46 1515557139.07 0.240714000 0.373127000 -0.063986900 0.173157800 -0.336393076 0.406813828
1515557231.80 1515557140.57 0.238442000 0.365686000 -0.043620000 0.221803832 -0.306513032 0.406849586
1515557233.73 1515557142.50 0.227091000 0.351203000 -0.003820510 0.264499749 -0.270603233 0.406801595
1515557235.24 1515557143.95 0.208659000 0.331609000 0.031607900 0.302425209 -0.227382206 0.406829313
1515557237.08 1515557145.87 0.186434000 0.318058000 0.066042000 0.332251824 -0.181114403 0.406792408
1515557238.09 1515557146.80 0.172228000 0.303505000 0.082479200 0.348114526 -0.148389409 0.406780806
1515557239.04 1515557147.81 0.155273000 0.293564000 0.098360500 0.361114422 -0.113006971 0.406856131
1515557240.50 1515557149.59 0.123848000 0.278338000 0.120929000 0.372084132 -0.068931040 0.406787014
1515557241.79 1515557151.43 0.095859600 0.263882000 0.137641000 0.376819795 -0.034358130 0.406817066
1515557245.21 1515557154.42 0.055739200 0.239851000 0.154488000 0.377726758 0.023390585 0.406794162
1515557246.51 1515557155.27 0.034164200 0.234313000 0.156568000 0.376199731 0.040587825 0.406817103
1515557248.71 1515557157.43 -0.019509400 0.212183000 0.162048000 0.361717158 0.111206390 0.406816850
1515557249.79 1515557158.44 -0.047927300 0.203642000 0.162408000 0.349060370 0.146129784 0.406828045
1515557251.03 1515557159.77 -0.085377300 0.193366000 0.153845000 0.331640200 0.182236910 0.406829939
1515557253.28 1515557162.03 -0.108125000 0.183190000 0.145966000 0.332190081 0.181252991 0.406820866
1515557255.85 1515557164.56 -0.036597200 0.205433000 0.162442000 0.364617512 0.101135282 0.406856041
1515557256.89 1515557165.55 -0.011342300 0.214644000 0.162271000 0.371495492 0.071921518 0.406807275
1515557257.92 1515557166.66 0.012928200 0.222623000 0.162087000 0.376797979 0.035192689 0.406765930
1515557258.96 1515557167.70 0.037360300 0.231233000 0.156986000 0.378482408 -0.000052117 0.406724512
1515557260.17 1515557168.88 0.071481600 0.246033000 0.146792000 0.376494698 -0.035598635 0.407011356
