1516040467.50 1516040468.75 -0.017846500 -0.014021400 0.032363000 0.232611028 0.126844776 0.669716688
1516040468.56 1516040469.84 -0.013740200 0.003808920 -0.002458810 0.186270923 0.101699420 0.659811696
1516040469.62 1516040470.93 -0.010657900 0.028483500 -0.032268800 0.141570409 0.077496518 0.644961959
1516040470.61 1516040472.04 -0.008547210 0.051259100 -0.054788400 0.101956257 0.055785150 0.627022523
1516040470.91 1516040472.42 -0.007652900 0.065182700 -0.069184100 0.101959329 0.055765869 0.626996601
1516040475.23 1516040476.67 -0.006851500 0.091326000 -0.094466200 0.067731941 0.036974256 0.607523725
1516040477.57 1516040479.01 -0.006961920 0.067890800 -0.069272000 0.147915758 0.080781093 0.647098579
1516040479.16 1516040480.41 -0.010155600 0.022235100 -0.016252400 0.206535088 0.112693993 0.664486182
1516040480.04 1516040481.35 -0.013429400 0.005883870 0.003559400 0.244670235 0.133674494 0.671373363
1516040480.56 1516040481.89 -0.015813000 -0.005134310 0.022049200 0.280791392 0.153190411 0.674174258
1516040481.45 1516040482.79 -0.021286000 -0.022873900 0.053359900 0.312880125 0.170636205 0.674749307
1516040482.66 1516040484.14 -0.028093600 -0.041546300 0.094852400 0.377045581 0.205501030 0.667630187
1516040483.41 1516040484.73 -0.031298700 -0.048646500 0.115833000 0.386055076 0.210403620 0.665888923
1516040484.00 1516040485.32 -0.035753100 -0.055588000 0.137606000 0.386109337 0.210395513 0.665882200
1516040494.44 1516040495.77 -0.051684800 -0.068216900 0.206504000 0.527932446 0.287970535 0.609582565
1516040495.03 1516040496.42 -0.064401800 -0.071364200 0.247781000 0.562866537 0.307148729 0.586171526
1516040495.86 1516040497.27 -0.081922000 -0.071766000 0.300463000 0.524266476 0.286023822 0.612056471
1516040499.25 1516040500.74 -0.046533400 -0.066942400 0.179081000 0.388046625 0.211746821 0.665744708
1516040500.97 1516040502.27 -0.032559700 -0.051156900 0.117354000 0.338295293 0.184701889 0.673195255
1516040501.86 1516040503.11 -0.028181100 -0.044038400 0.099101900 0.338295293 0.184701889 0.673195255
1516040504.28 1516040505.61 0.009402940 -0.022001800 0.118515000 0.306768925 0.257827281 0.617214276
1516040504.78 1516040506.07 -0.103392000 -0.024541500 0.106475000 0.306868150 0.257848322 0.617129486
1516040513.59 1516040514.82 -0.077639100 -0.017320500 0.119924000 0.350812221 0.193636712 0.617175265
1516040514.81 1516040516.48 -0.048418200 -0.010652900 0.130268000 0.368764625 0.156227670 0.617286273
1516040515.89 1516040517.36 -0.018963300 -0.002570550 0.138817000 0.382276151 0.119544185 0.617234141
1516040517.18 1516040518.53 0.009667690 0.008820620 0.143960000 0.392286184 0.080854299 0.617234141
1516040519.78 1516040520.87 0.034332700 0.026088900 0.162613000 0.400511731 0.004027497 0.617234141
1516040546.54 1516040547.51 0.076338300 0.041927900 0.140524000 0.398662577 0.039680831 0.617168886
1516040547.90 1516040548.93 0.058433300 0.030306300 0.126908000 0.391832740 0.083587967 0.617158009
1516040548.52 1516040549.57 0.043458200 0.027311900 0.144669000 0.382927912 0.117819678 0.617188394
1516040549.37 1516040550.67 0.010989400 0.008382830 0.146070000 0.369189480 0.155624461 0.617158009
1516040551.37 1516040552.83 -0.046773600 -0.011919200 0.132505000 0.332279037 0.223883704 0.617147131
1516040553.63 1516040555.05 -0.105495000 -0.022882000 0.105228000 0.285004399 0.281565110 0.617168886
1516040555.21 1516040556.57 -0.133239000 -0.024095000 0.087856700 0.249178185 0.313692883 0.617179763
1516040556.27 1516040557.79 -0.156844000 -0.024287900 0.071174000 0.216628292 0.336994326 0.617179763
1516040557.68 1516040559.17 -0.186221000 -0.023806300 0.045973000 0.182306440 0.356731488 0.617179763
1516040560.22 1516040561.93 -0.158456000 -0.022601400 0.064892400 0.273701951 0.292556111 0.617199271
1516040562.45 1516040563.79 -0.112169000 -0.018125800 0.100256000 0.309810978 0.254014914 0.617168886
1516040564.50 1516040565.85 -0.076693200 -0.016814400 0.119557000 0.330136858 0.227050153 0.617166638
1516040571.17 1516040572.67 -0.124159000 0.016718600 0.129431000 0.311104521 0.261854455 0.534996367
1516040572.30 1516040573.67 -0.133791000 0.038033900 0.141651000 0.309208302 0.260258369 0.505147706
1516040574.05 1516040575.23 -0.142554000 0.061333200 0.157213000 0.299261664 0.251904944 0.444231518
1516040574.90 1516040576.17 -0.150958000 0.091510200 0.165059000 0.293360725 0.247075320 0.422113613
1516040643.57 1516040644.56 -0.111204000 0.060147900 0.172879000 0.317295108 0.250230618 0.504017612
1516040645.50 1516040646.61 -0.121200000 0.011810400 0.131086000 0.310408565 0.260938019 0.584218388
1516040646.62 1516040647.81 -0.112192000 -0.003920500 0.115786000 0.306486191 0.257614218 0.620074221
1516040647.38 1516040649.06 -0.100536000 -0.022169500 0.102873000 0.314716337 0.247443438 0.619431142
1516040650.17 1516040651.50 -0.054380700 -0.010175600 0.126965000 0.369591423 0.154840013 0.617194759
1516040651.33 1516040652.77 -0.002634340 0.003412240 0.142869000 0.385747661 0.108210086 0.617218776
1516040652.98 1516040654.17 0.037549900 0.024055400 0.141792000 0.397834063 0.047315314 0.617218777
1516040654.64 1516040655.71 0.055710400 0.036980000 0.156292000 0.397384997 0.081066226 0.581352791
1516040655.48 1516040656.61 0.031811300 0.040854300 0.171135000 0.398675147 0.081336797 0.545186415
1516040656.88 1516040657.94 0.015968100 0.080902000 0.193537000 0.396404398 0.080914652 0.508781193
1516040658.39 1516040659.43 0.001498240 0.099817500 0.208608000 0.387474463 0.078966254 0.459227323
1516040659.28 1516040660.43 -0.005798190 0.119037000 0.219769000 0.379256037 0.077309340 0.431400670
1516040660.40 1516040661.67 -0.016737000 0.139901000 0.232052000 0.374242224 0.076287279 0.417536863
1516040662.64 1516040663.99 -0.023570700 0.146941000 0.175836000 0.412882317 0.083733029 0.456697917
1516040663.76 1516040664.89 -0.008041080 0.124351000 0.247739000 0.438991677 0.089081312 0.430588949
1516040664.66 1516040666.11 -0.014330100 0.142445000 0.275591000 0.483980875 0.098131217 0.377079291
1516040665.52 1516040666.82 -0.018647200 0.156252000 0.304300000 0.511698470 0.103488932 0.336913538
1516040666.49 1516040667.83 -0.026999400 0.179883000 0.343941000 0.541999674 0.109554765 0.283355115
1516040667.02 1516040668.39 -0.032808300 0.202828000 0.374841000 0.548164135 0.110928241 0.270616271
1516040668.01 1516040669.37 -0.041938500 0.227659000 0.401814000 0.566656542 0.116744810 0.226479960
1516040668.99 1516040670.29 -0.059687700 0.240666000 0.423755000 0.552886536 0.170427295 0.226479966
1516040669.97 1516040671.87 -0.096758800 0.226668000 0.421318000 0.539448077 0.209121662 0.226464262
1516040670.77 1516040672.21 -0.139851000 0.210968000 0.415253000 0.550837264 0.177004193 0.226503509
1516040671.69 1516040672.94 -0.101941000 0.224733000 0.423397000 0.556066895 0.159840224 0.226487805
1516040672.73 1516040673.93 -0.059040300 0.241042000 0.426738000 0.567574969 0.112329624 0.226487805
1516040673.64 1516040674.96 -0.033002300 0.251545000 0.428895000 0.575554803 0.058930180 0.226464262
1516040674.65 1516040675.97 -0.001462170 0.263806000 0.428161000 0.578582584 0.001217930 0.226487805
1516040675.55 1516040676.98 0.036294000 0.281592000 0.422195000 0.575828057 -0.056403354 0.226487805
1516040677.91 1516040679.26 0.064298500 0.295799000 0.418115000 0.571802126 -0.078723314 0.229928529
1516040680.52 1516040682.12 0.046228600 0.282284000 0.427813000 0.577995362 0.025322917 0.226574770
1516040682.67 1516040683.71 -0.012609500 0.255837000 0.423038000 0.571876228 0.078169316 0.230006854
1516040684.20 1516040685.29 -0.047188400 0.237795000 0.420034000 0.557170140 0.137787568 0.238045988
1516040685.01 1516040686.35 -0.069998000 0.224818000 0.411907000 0.546562871 0.167037756 0.243769217
1516040686.40 1516040687.68 -0.099629600 0.206423000 0.402667000 0.524747825 0.212834588 0.255728710
1516040687.71 1516040688.78 -0.121870000 0.190325000 0.392012000 0.528449760 0.206059051 0.253646473
1516040689.20 1516040690.59 -0.098913800 0.207413000 0.404315000 0.550851340 0.156030262 0.241398785
1516040690.38 1516040691.61 -0.070377400 0.226334000 0.410759000 0.562924355 0.118435821 0.234757932
1516040692.50 1516040693.78 -0.037102500 0.245931000 0.417463000 0.571628987 0.079746276 0.230080089
1516040694.28 1516040695.30 0.007119330 0.266609000 0.425228000 0.577967650 0.026041756 0.226563980
1516040696.68 1516040698.11 0.064374200 0.294910000 0.419259000 0.576346253 0.052270245 0.226161077
1516040698.73 1516040700.03 -0.050004300 0.244267000 0.427201000 0.554853882 0.164196403 0.226346472
1516040700.15 1516040701.57 -0.091876500 0.232034000 0.418923000 0.529704840 0.162741191 0.200299129
1516040701.51 1516040702.79 -0.105934000 0.269501000 0.410605000 0.503384936 0.155274920 0.176450337
1516040703.70 1516040705.01 -0.165946000 0.266079000 0.388226000 0.462418046 0.251587581 0.177341376
1516040704.36 1516040706.01 -0.192803000 0.256201000 0.385761000 0.445047064 0.242282628 0.227757888
1516040706.46 1516040707.88 -0.156670000 0.195884000 0.321231000 0.398360239 0.216864680 0.320761438
1516040707.65 1516040709.09 -0.139558000 0.171700000 0.284512000 0.366674621 0.199457460 0.366572658
1516040708.68 1516040710.23 -0.123081000 0.150431000 0.245637000 0.332419954 0.181025134 0.406655002
1516040710.74 1516040712.17 -0.095517400 0.122740000 0.163822000 0.294644020 0.160477258 0.442801725
1516040714.09 1516040715.37 -0.091757300 0.081541900 0.190072000 0.353342901 0.192376870 0.492467910
1516040715.98 1516040717.25 -0.080396900 0.032280300 0.174766000 0.357351739 0.194597529 0.548258243
1516040718.12 1516040719.25 -0.069414100 0.016575400 0.159419000 0.355906023 0.193949454 0.584409935
1516040719.27 1516040720.67 -0.053560800 0.006229980 0.139956000 0.351197304 0.191383448 0.620950029
1516040721.30 1516040722.74 -0.032645400 -0.031754200 0.109480000 0.332779154 0.181346526 0.689680416
1516040722.18 1516040724.59 -0.022794000 -0.048653400 0.087527800 0.332793442 0.181334573 0.689698664
1516040906.57 1516040909.24 0.000000000 0.000000000 0.000000000 0.104745739 0.057029222 0.628403605
1516040908.15 1516040909.45 -0.000609063 0.031001600 -0.037906700 0.102716905 0.055943625 0.627074221
